m = 4; % 4

dftfilter([0,1],[0 1/4 1/2 3/4],m,4,200)